[gd_scene load_steps=6 format=3 uid="uid://cmo42jtxgnew6"]

[ext_resource type="Texture2D" uid="uid://d4jf1173utwqv" path="res://addons/kenney_prototype_textures/dark/texture_01.png" id="1_wtg7c"]

[sub_resource type="Environment" id="Environment_tbaoa"]
ambient_light_color = Color(0.611765, 0.435294, 0.156863, 1)
volumetric_fog_enabled = true
volumetric_fog_length = 3.17

[sub_resource type="BoxShape3D" id="BoxShape3D_3ugc1"]
size = Vector3(100, 1, 100)

[sub_resource type="StandardMaterial3D" id="StandardMaterial3D_ygm8i"]
albedo_texture = ExtResource("1_wtg7c")
uv1_scale = Vector3(100, 100, 100)

[sub_resource type="PlaneMesh" id="PlaneMesh_tsxwx"]
material = SubResource("StandardMaterial3D_ygm8i")
size = Vector2(100, 100)
center_offset = Vector3(0, 0.5, 0)

[node name="Level" type="Node3D"]

[node name="World" type="Node" parent="."]

[node name="WorldEnvironment" type="WorldEnvironment" parent="World"]
environment = SubResource("Environment_tbaoa")

[node name="DirectionalLight3D" type="DirectionalLight3D" parent="World"]
transform = Transform3D(0.79149, -0.354872, 0.497604, 0, 0.814166, 0.580632, -0.611182, -0.459565, 0.644404, 0, 0, 0)

[node name="Ground" type="Node3D" parent="."]
metadata/_edit_lock_ = true

[node name="StaticBody3D" type="StaticBody3D" parent="Ground"]
metadata/_edit_lock_ = true

[node name="CollisionShape3D" type="CollisionShape3D" parent="Ground/StaticBody3D"]
shape = SubResource("BoxShape3D_3ugc1")
metadata/_edit_lock_ = true

[node name="MeshInstance3D" type="MeshInstance3D" parent="Ground/StaticBody3D"]
mesh = SubResource("PlaneMesh_tsxwx")
skeleton = NodePath("../../..")
metadata/_edit_lock_ = true

[node name="Scatter" type="Node" parent="."]

[node name="Farm House w Garden" type="CSGCombiner3D" parent="Scatter"]
transform = Transform3D(0.953622, 0, -0.301005, 0, 1, 0, 0.301005, 0, 0.953622, -11.2141, -9.53674e-07, -3.9506)
use_collision = true

[node name="House" type="CSGBox3D" parent="Scatter/Farm House w Garden"]
transform = Transform3D(1, 0, 0, 0, 1, 0, 0, 0, 1, -3.01622, 2.05557, -2.04579)
size = Vector3(4.86023, 3.35229, 7.93555)

[node name="CSGBox3D" type="CSGBox3D" parent="Scatter/Farm House w Garden/House"]
transform = Transform3D(0.722593, 0.691274, 0, -0.691274, 0.722593, 0, 0, 0, 1, 0.014707, 1.60273, -1.30187)
size = Vector3(3.67517, 3.45349, 5.29819)

[node name="CSGBox3D2" type="CSGBox3D" parent="Scatter/Farm House w Garden/House"]
transform = Transform3D(1, 0, 0, 0, 1, 0, 0, 0, 1, 2.28769, -0.533936, -1.17296)
size = Vector3(1, 2.06787, 1)

[node name="CSGBox3D3" type="CSGBox3D" parent="Scatter/Farm House w Garden/House"]
transform = Transform3D(1, 0, 0, 0, 1, 0, 0, 0, 1, 2.28769, -0.533936, 2.52981)
size = Vector3(1, 2.06787, 1)

[node name="CSGBox3D4" type="CSGBox3D" parent="Scatter/Farm House w Garden/House"]
transform = Transform3D(1, 0, 0, 0, 1, 0, 0, 0, 1, 0, 2.40689, 1.10904)

[node name="Garden" type="CSGBox3D" parent="Scatter/Farm House w Garden"]
transform = Transform3D(0.835464, 0, -0.549549, 0, 1, 0, 0.549549, 0, 0.835464, -7.9568, 1.02539, 5.54835)
size = Vector3(0.373047, 1.68628, 9.04504)

[node name="CSGBox3D6" type="CSGBox3D" parent="Scatter/Farm House w Garden/Garden"]
transform = Transform3D(0.418358, 0, 0.908282, 0, 1, 0, -0.908282, 0, 0.418358, 4.0511, 0.0144033, 6.22732)
size = Vector3(0.373047, 1.65747, 9.04504)

[node name="CSGBox3D8" type="CSGBox3D" parent="Scatter/Farm House w Garden/Garden"]
transform = Transform3D(0.704709, 0, 0.709498, 0, 1, 0, -0.709498, 0, 0.704709, 9.51832, 0.0373526, -1.48087)
size = Vector3(0.373047, 1.61157, 11.4374)

[node name="CSGBox3D9" type="CSGBox3D" parent="Scatter/Farm House w Garden/Garden"]
transform = Transform3D(0.704709, 0, 0.709498, 0, 1, 0, -0.709498, 0, 0.704709, 4.14689, -0.0739756, -6.8555)
size = Vector3(0.373047, 1.83423, 0.868433)

[node name="CSGBox3D7" type="CSGBox3D" parent="Scatter/Farm House w Garden/Garden"]
transform = Transform3D(0.718408, 0, -0.695626, 0, 1, 0, 0.695626, 0, 0.718408, 10.6623, 0.0881338, 5.28526)
size = Vector3(0.373047, 1.51001, 7.98514)

[node name="Farm House w Garden2" type="CSGCombiner3D" parent="Scatter"]
transform = Transform3D(-0.553377, 0, -0.832931, 0, 1, 0, 0.832931, 0, -0.553377, 2.59168, -9.53674e-07, -15.7841)
use_collision = true

[node name="House" type="CSGBox3D" parent="Scatter/Farm House w Garden2"]
transform = Transform3D(1, 0, 0, 0, 1, 0, 0, 0, 1, -3.01622, 2.05557, -2.04579)
size = Vector3(4.86023, 3.35229, 7.93555)

[node name="CSGBox3D" type="CSGBox3D" parent="Scatter/Farm House w Garden2/House"]
transform = Transform3D(0.722593, 0.691275, 2.98023e-08, -0.691274, 0.722593, 0, -2.98023e-08, -2.38419e-07, 1, 0.0147057, 1.60273, -0.000195026)
size = Vector3(3.67517, 3.45349, 7.90154)

[node name="CSGBox3D2" type="CSGBox3D" parent="Scatter/Farm House w Garden2/House"]
transform = Transform3D(1, 0, 0, 0, 1, 0, 0, 0, 1, 2.28769, -0.533936, -1.17296)
size = Vector3(1, 2.06787, 1)

[node name="Garden" type="CSGBox3D" parent="Scatter/Farm House w Garden2"]
transform = Transform3D(0.835464, 0, -0.549549, 0, 1, 0, 0.549549, 0, 0.835464, -7.9568, 1.02539, 5.54835)
size = Vector3(0.373047, 1.68628, 9.04504)

[node name="CSGBox3D6" type="CSGBox3D" parent="Scatter/Farm House w Garden2/Garden"]
transform = Transform3D(0.418358, 0, 0.908282, 0, 1, 0, -0.908282, 0, 0.418358, 4.0511, 0.0144033, 6.22732)
size = Vector3(0.373047, 1.65747, 9.04504)

[node name="CSGBox3D8" type="CSGBox3D" parent="Scatter/Farm House w Garden2/Garden"]
transform = Transform3D(0.704709, 0, 0.709498, 0, 1, 0, -0.709498, 0, 0.704709, 9.51832, 0.0373526, -1.48087)
size = Vector3(0.373047, 1.61157, 11.4374)

[node name="CSGBox3D9" type="CSGBox3D" parent="Scatter/Farm House w Garden2/Garden"]
transform = Transform3D(0.704709, 0, 0.709498, 0, 1, 0, -0.709498, 0, 0.704709, 4.14689, -0.0739756, -6.8555)
size = Vector3(0.373047, 1.83423, 0.868433)

[node name="CSGBox3D7" type="CSGBox3D" parent="Scatter/Farm House w Garden2/Garden"]
transform = Transform3D(0.718408, 0, -0.695626, 0, 1, 0, 0.695626, 0, 0.718408, 10.6623, 0.0881338, 5.28526)
size = Vector3(0.373047, 1.51001, 7.98514)

[node name="Decayed Farm House W Garden" type="CSGCombiner3D" parent="Scatter"]
transform = Transform3D(1, 0, 0, 0, 1, 0, 0, 0, 1, 3.14647, 0, 0)
use_collision = true

[node name="House" type="CSGBox3D" parent="Scatter/Decayed Farm House W Garden"]
transform = Transform3D(1, 0, 0, 0, 1, 0, 0, 0, 1, 3.22219, 1.98143, 2.70904)
size = Vector3(5.44531, 2.99707, 8.17664)

[node name="CSGBox3D2" type="CSGBox3D" parent="Scatter/Decayed Farm House W Garden/House"]
transform = Transform3D(0.511953, -0.859013, 0, 0.859013, 0.511953, 0, 0, 0, 1, -0.0107179, 1.46281, -0.0300808)
size = Vector3(2.78174, 4.69067, 8.17664)

[node name="CSGBox3D" type="CSGBox3D" parent="Scatter/Decayed Farm House W Garden/House"]
transform = Transform3D(1, 0, 0, 0, 1, 0, 0, 0, 1, -2.52348, -0.604188, -0.0161648)
size = Vector3(0.772461, 2.08105, 1)

[node name="CSGBox3D3" type="CSGBox3D" parent="Scatter/Decayed Farm House W Garden/House"]
transform = Transform3D(1, 0, 0, 0, 1, 0, 0, 0, 1, -2.52348, -0.0752971, 2.3632)
size = Vector3(0.772461, 0.99353, 1)

[node name="CSGBox3D4" type="CSGBox3D" parent="Scatter/Decayed Farm House W Garden/House"]
transform = Transform3D(1, 0, 0, 0, 1, 0, 0, 0, 1, -2.52348, -0.0713017, -2.36297)
size = Vector3(0.772461, 0.964478, 1)

[node name="CSGBox3D5" type="CSGBox3D" parent="Scatter/Decayed Farm House W Garden/House"]
transform = Transform3D(0.851013, 0.525145, 0, -0.525145, 0.851013, 0, 0, 0, 1, 1.79939, 1.73897, -0.021637)
operation = 2
size = Vector3(7.75806, 4.58301, 6.67633)

[node name="CSGBox3D6" type="CSGBox3D" parent="Scatter/Decayed Farm House W Garden/House"]
transform = Transform3D(0.97265, 0.232274, 0, -0.232274, 0.97265, 0, 0, 0, 1, 0.97506, 2.5682, -3.86858)
operation = 2
size = Vector3(7.75806, 1.62427, 2.62479)

[node name="Garden" type="CSGBox3D" parent="Scatter/Decayed Farm House W Garden"]
transform = Transform3D(1, 0, 0, 0, 1, 0, 0, 0, 1, 0.745008, 0.981812, 9.46374)
size = Vector3(0.4375, 1.19238, 5.48413)

[node name="Wall" type="CSGBox3D" parent="Scatter/Decayed Farm House W Garden/Garden"]
transform = Transform3D(0.282556, 0.735968, 0.615235, -0.933562, 0.358417, 0, -0.220511, -0.57436, 0.788344, 2.40896, -0.378419, 6.01512)
size = Vector3(0.4375, 1.19238, 5.48413)

[node name="Wall2" type="CSGBox3D" parent="Scatter/Decayed Farm House W Garden/Garden"]
transform = Transform3D(0.0487104, 0, -0.998813, 0, 1, 0, 0.998813, 0, 0.0487103, 8.62319, 0.048497, 8.17202)
size = Vector3(0.4375, 1.19238, 5.48413)

[node name="Wall3" type="CSGBox3D" parent="Scatter/Decayed Farm House W Garden/Garden"]
transform = Transform3D(0.927849, 0, -0.372955, 0, 1, 0, 0.372955, 0, 0.927849, 12.1752, 0.048497, 5.64129)
size = Vector3(0.4375, 1.19238, 5.48413)

[node name="Wall4" type="CSGBox3D" parent="Scatter/Decayed Farm House W Garden/Garden"]
transform = Transform3D(0.999599, 0, 0.028323, 0, 1, 0, -0.0283231, 0, 0.999599, 12.9284, 0.048497, -6.69899)
size = Vector3(0.4375, 1.19238, 19.8314)

[node name="Wall5" type="CSGBox3D" parent="Scatter/Decayed Farm House W Garden/Garden"]
transform = Transform3D(0.0357017, 0, 0.999363, 0, 1, 0, -0.999363, 0, 0.0357017, 10.1493, 0.048497, -16.6072)
size = Vector3(0.4375, 1.19238, 4.95761)

[node name="Wall6" type="CSGBox3D" parent="Scatter/Decayed Farm House W Garden/Garden"]
transform = Transform3D(0.759362, 0, -0.650668, 0, 1, 0, 0.650668, 0, 0.759362, 4.19866, 0.048497, -14.3924)
size = Vector3(0.4375, 1.19238, 6.50995)
